2 	 1024 	 545 	 64
  1.0000000000000000 	   0.0000000000000000
  0.9687500000000000 	   0.0312500000000000
  1.0000000000000000 	   0.0625000000000000
  0.9375000000000000 	   0.0000000000000000
  0.9375000000000000 	   0.0625000000000000
  0.9687500000000000 	   0.0937500000000000
  0.9062500000000000 	   0.0312500000000000
  1.0000000000000000 	   0.1250000000000000
  0.8750000000000000 	   0.0000000000000000
  0.9062500000000000 	   0.0937500000000000
  0.9375000000000000 	   0.1250000000000000
  0.8750000000000000 	   0.0625000000000000
  0.9687500000000000 	   0.1562500000000000
  0.8437500000000000 	   0.0312500000000000
  0.8750000000000000 	   0.1250000000000000
  0.8437500000000000 	   0.0937500000000000
  0.9062500000000000 	   0.1562500000000000
  0.8125000000000000 	   0.0000000000000000
  1.0000000000000000 	   0.1875000000000000
  0.8125000000000001 	   0.0625000000000000
  0.9375000000000000 	   0.1875000000000000
  0.9687500000000000 	   0.2187499999999999
  0.8437500000000000 	   0.1562500000000000
  0.7812500000000000 	   0.0312500000000000
  0.8749999999999999 	   0.1875000000000000
  0.8124999999999998 	   0.1250000000000000
  0.9062500000000000 	   0.2187499999999999
  0.7812500000000000 	   0.0937500000000000
  0.7500000000000000 	   0.0000000000000000
  1.0000000000000000 	   0.2500000000000000
  0.7500000000000000 	   0.0625000000000000
  0.9375000000000000 	   0.2500000000000001
  0.8125000000000001 	   0.1875000000000000
  0.8437500000000000 	   0.2187499999999999
  0.7812500000000000 	   0.1562500000000000
  0.7500000000000000 	   0.1250000000000000
  0.8750000000000000 	   0.2500000000000001
  0.9687500000000000 	   0.2812499999999999
  0.7187499999999999 	   0.0312500000000000
  0.9062500000000000 	   0.2812499999999999
  0.7187500000000000 	   0.0937500000000000
  0.7812500000000000 	   0.2187499999999999
  0.7500000000000000 	   0.1875000000000000
  1.0000000000000000 	   0.3125000000000000
  0.6875000000000000 	   0.0000000000000000
  0.8125000000000000 	   0.2500000000000001
  0.9375000000000000 	   0.3124999999999999
  0.6875000000000000 	   0.0625000000000000
  0.8437500000000000 	   0.2812499999999999
  0.7187500000000000 	   0.1562500000000000
  0.8750000000000000 	   0.3124999999999999
  0.6875000000000000 	   0.1250000000000000
  0.9687500000000000 	   0.3437500000000000
  0.6562499999999998 	   0.0312500000000000
  0.7500000000000000 	   0.2500000000000001
  0.7187500000000000 	   0.2187499999999999
  0.7812500000000000 	   0.2812499999999999
  0.9062500000000000 	   0.3437500000000000
  0.6562499999999999 	   0.0937500000000000
  0.8125000000000000 	   0.3124999999999999
  0.6875000000000000 	   0.1875000000000000
  1.0000000000000000 	   0.3750000000000000
  0.6250000000000000 	   0.0000000000000000
  0.8437500000000000 	   0.3437500000000000
  0.6562499999999999 	   0.1562500000000000
  0.6250000000000000 	   0.0625000000000000
  0.9375000000000000 	   0.3750000000000000
  0.8750000000000001 	   0.3750000000000000
  0.6250000000000000 	   0.1250000000000000
  0.7187500000000000 	   0.2812499999999999
  0.7500000000000000 	   0.3124999999999999
  0.6875000000000000 	   0.2500000000000001
  0.5937500000000000 	   0.0312500000000000
  0.7812500000000000 	   0.3437500000000000
  0.9687500000000000 	   0.4062500000000000
  0.6562499999999999 	   0.2187499999999999
  0.5937500000000001 	   0.0937500000000000
  0.9062500000000000 	   0.4062500000000000
  0.8125000000000000 	   0.3750000000000000
  0.6250000000000000 	   0.1875000000000000
  0.5937500000000000 	   0.1562500000000000
  0.8437500000000000 	   0.4062500000000000
  1.0000000000000000 	   0.4375000000000000
  0.5625000000000000 	   0.0000000000000000
  0.6875000000000000 	   0.3124999999999999
  0.5625000000000000 	   0.0625000000000000
  0.9375000000000000 	   0.4375000000000000
  0.7187500000000000 	   0.3437500000000000
  0.6562499999999999 	   0.2812499999999999
  0.7500000000000000 	   0.3750000000000000
  0.6250000000000000 	   0.2500000000000001
  0.8750000000000000 	   0.4375000000000000
  0.5625000000000000 	   0.1250000000000000
  0.5937500000000000 	   0.2187499999999999
  0.7812500000000000 	   0.4062500000000000
  0.5312500000000001 	   0.0312500000000000
  0.9687500000000001 	   0.4687500000000001
  0.5625000000000000 	   0.1875000000000000
  0.8125000000000000 	   0.4375000000000000
  0.5312500000000001 	   0.0937500000000000
  0.9062500000000000 	   0.4687500000000001
  0.6562499999999999 	   0.3437500000000000
  0.6250000000000000 	   0.3124999999999999
  0.6875000000000000 	   0.3750000000000000
  0.5312500000000001 	   0.1562500000000000
  0.5937500000000000 	   0.2812499999999999
  0.7187500000000000 	   0.4062500000000000
  0.8437500000000000 	   0.4687500000000001
  0.5000000000000000 	   0.0000000000000000
  1.0000000000000000 	   0.5000000000000000
  0.9375000000000000 	   0.5000000000000000
  0.5625000000000000 	   0.2500000000000001
  0.5000000000000000 	   0.0625000000000000
  0.7500000000000000 	   0.4375000000000000
  0.5000000000000000 	   0.1250000000000000
  0.8750000000000000 	   0.5000000000000000
  0.5312500000000001 	   0.2187499999999999
  0.7812500000000000 	   0.4687500000000001
  0.6250000000000000 	   0.3750000000000000
  0.4687500000000001 	   0.0312500000000000
  0.5937500000000000 	   0.3437500000000000
  0.9687500000000000 	   0.5312500000000001
  0.6562499999999999 	   0.4062500000000000
  0.5000000000000000 	   0.1875000000000000
  0.8125000000000000 	   0.5000000000000000
  0.5625000000000000 	   0.3124999999999999
  0.6875000000000000 	   0.4375000000000000
  0.4687500000000001 	   0.0937500000000000
  0.9062500000000000 	   0.5312500000000001
  0.5312500000000001 	   0.2812499999999999
  0.7187500000000000 	   0.4687500000000001
  0.4687500000000001 	   0.1562500000000000
  0.8437500000000000 	   0.5312500000000001
  0.5000000000000000 	   0.2500000000000001
  0.7500000000000000 	   0.5000000000000000
  0.4375000000000000 	   0.0000000000000000
  1.0000000000000000 	   0.5625000000000000
  0.9375000000000000 	   0.5624999999999999
  0.4375000000000000 	   0.0625000000000000
  0.5937500000000000 	   0.4062500000000000
  0.4687500000000001 	   0.2187499999999999
  0.7812500000000000 	   0.5312500000000001
  0.8750000000000000 	   0.5624999999999999
  0.4375000000000000 	   0.1250000000000000
  0.5625000000000000 	   0.3750000000000000
  0.6250000000000000 	   0.4375000000000000
  0.5312500000000001 	   0.3437500000000000
  0.6562500000000000 	   0.4687500000000001
  0.5000000000000000 	   0.3124999999999999
  0.6875000000000000 	   0.5000000000000000
  0.8125000000000000 	   0.5624999999999999
  0.4374999999999999 	   0.1875000000000000
  0.9687500000000000 	   0.5937500000000000
  0.4062500000000000 	   0.0312500000000000
  0.4687500000000001 	   0.2812499999999999
  0.4062500000000001 	   0.0937500000000000
  0.9062500000000000 	   0.5937500000000000
  0.7187500000000000 	   0.5312500000000001
  0.4062500000000000 	   0.1562500000000000
  0.8437500000000000 	   0.5937500000000000
  0.7500000000000000 	   0.5624999999999999
  0.4375000000000000 	   0.2500000000000001
  0.5625000000000000 	   0.4375000000000000
  0.5312500000000001 	   0.4062500000000000
  0.5937500000000000 	   0.4687500000000001
  0.6250000000000000 	   0.5000000000000000
  1.0000000000000000 	   0.6250000000000000
  0.5000000000000000 	   0.3750000000000000
  0.3750000000000000 	   0.0000000000000000
  0.3750000000000000 	   0.0625000000000000
  0.9375000000000000 	   0.6250000000000001
  0.4687500000000001 	   0.3437500000000000
  0.4062500000000000 	   0.2187499999999999
  0.7812500000000000 	   0.5937500000000000
  0.6562499999999999 	   0.5312500000000001
  0.3750000000000000 	   0.1250000000000000
  0.8750000000000000 	   0.6250000000000001
  0.6875000000000000 	   0.5624999999999999
  0.4375000000000000 	   0.3124999999999999
  0.3750000000000000 	   0.1875000000000000
  0.8125000000000000 	   0.6250000000000001
  0.9687500000000000 	   0.6562499999999999
  0.7187500000000000 	   0.5937500000000000
  0.3437499999999999 	   0.0312500000000000
  0.4062500000000000 	   0.2812499999999999
  0.9062500000000000 	   0.6562499999999999
  0.5312500000000002 	   0.4687500000000001
  0.3437500000000000 	   0.0937500000000000
  0.5000000000000000 	   0.4375000000000000
  0.5625000000000000 	   0.5000000000000000
  0.4687500000000001 	   0.4062500000000000
  0.5937500000000000 	   0.5312500000000001
  0.3750000000000000 	   0.2500000000000001
  0.7500000000000000 	   0.6250000000000001
  0.8437500000000000 	   0.6562499999999999
  0.3437500000000000 	   0.1562500000000000
  0.6250000000000000 	   0.5624999999999999
  0.4375000000000001 	   0.3750000000000000
  0.4062500000000000 	   0.3437500000000000
  0.6562499999999999 	   0.5937500000000000
  1.0000000000000000 	   0.6875000000000000
  0.3125000000000000 	   0.0000000000000000
  0.9375000000000000 	   0.6875000000000000
  0.3125000000000001 	   0.0625000000000000
  0.7812500000000000 	   0.6562499999999999
  0.3437500000000000 	   0.2187499999999999
  0.8750000000000000 	   0.6875000000000000
  0.3125000000000000 	   0.1250000000000000
  0.3750000000000000 	   0.3124999999999999
  0.6875000000000000 	   0.6250000000000001
  0.5000000000000000 	   0.5000000000000000
  0.4687500000000001 	   0.4687500000000001
  0.5312500000000001 	   0.5312500000000001
  0.5625000000000000 	   0.5624999999999999
  0.8125000000000000 	   0.6875000000000000
  0.4375000000000000 	   0.4375000000000000
  0.3124999999999999 	   0.1875000000000000
  0.7187500000000000 	   0.6562499999999999
  0.3437500000000000 	   0.2812499999999999
  0.9687500000000000 	   0.7187500000000000
  0.5937500000000000 	   0.5937500000000000
  0.4062500000000000 	   0.4062500000000000
  0.2812499999999999 	   0.0312500000000000
  0.9062500000000000 	   0.7187500000000000
  0.2812500000000000 	   0.0937500000000000
  0.3750000000000000 	   0.3750000000000000
  0.6250000000000000 	   0.6250000000000001
  0.7500000000000000 	   0.6875000000000000
  0.3125000000000001 	   0.2500000000000001
  0.2812499999999999 	   0.1562500000000000
  0.8437500000000000 	   0.7187500000000000
  0.6562499999999999 	   0.6562499999999999
  0.3437500000000000 	   0.3437500000000000
  1.0000000000000000 	   0.7500000000000000
  0.2500000000000000 	   0.0000000000000000
  0.7812500000000000 	   0.7187500000000000
  0.2812499999999999 	   0.2187499999999999
  0.4687500000000001 	   0.5312500000000001
  0.5000000000000000 	   0.5624999999999999
  0.2500000000000000 	   0.0625000000000000
  0.4375000000000000 	   0.5000000000000000
  0.9375000000000000 	   0.7500000000000001
  0.6875000000000000 	   0.6875000000000000
  0.3124999999999999 	   0.3124999999999999
  0.5312500000000001 	   0.5937500000000000
  0.4062500000000000 	   0.4687500000000001
  0.2500000000000000 	   0.1250000000000000
  0.8750000000000000 	   0.7500000000000001
  0.3750000000000000 	   0.4375000000000000
  0.5625000000000000 	   0.6250000000000001
  0.5937500000000000 	   0.6562499999999999
  0.3437500000000000 	   0.4062500000000000
  0.7187500000000000 	   0.7187500000000000
  0.2812499999999999 	   0.2812499999999999
  0.2500000000000000 	   0.1875000000000000
  0.8125000000000000 	   0.7500000000000001
  0.9687500000000000 	   0.7812500000000000
  0.2187499999999999 	   0.0312500000000000
  0.3125000000000000 	   0.3750000000000000
  0.6250000000000000 	   0.6875000000000000
  0.9062500000000000 	   0.7812500000000000
  0.2187499999999999 	   0.0937500000000000
  0.2500000000000001 	   0.2500000000000001
  0.7500000000000000 	   0.7500000000000001
  0.4375000000000000 	   0.5624999999999999
  0.2812499999999999 	   0.3437500000000000
  0.8437500000000000 	   0.7812500000000000
  0.4687500000000001 	   0.5937500000000000
  0.2187499999999999 	   0.1562500000000000
  0.6562499999999999 	   0.7187500000000000
  0.4062500000000000 	   0.5312500000000001
  0.3750000000000000 	   0.5000000000000000
  0.5000000000000000 	   0.6250000000000001
  0.5312500000000001 	   0.6562499999999999
  0.3437500000000000 	   0.4687500000000001
  0.2187499999999999 	   0.2187499999999999
  0.7812500000000000 	   0.7812500000000000
  0.2499999999999999 	   0.3124999999999999
  1.0000000000000000 	   0.8125000000000000
  0.1875000000000000 	   0.0000000000000000
  0.6875000000000000 	   0.7500000000000001
  0.5625000000000000 	   0.6875000000000000
  0.9375000000000000 	   0.8125000000000000
  0.1875000000000000 	   0.0625000000000000
  0.3125000000000001 	   0.4375000000000000
  0.1875000000000000 	   0.1250000000000000
  0.8750000000000000 	   0.8125000000000000
  0.2812499999999999 	   0.4062500000000000
  0.5937500000000000 	   0.7187500000000000
  0.7187500000000000 	   0.7812500000000000
  0.2187499999999999 	   0.2812499999999999
  0.1875000000000000 	   0.1875000000000000
  0.8125000000000000 	   0.8125000000000000
  0.2500000000000000 	   0.3750000000000000
  0.6250000000000000 	   0.7500000000000001
  0.4062500000000000 	   0.5937500000000000
  0.3750000000000000 	   0.5624999999999999
  0.4375000000000000 	   0.6250000000000001
  0.4687500000000001 	   0.6562499999999999
  0.9687500000000000 	   0.8437500000000000
  0.1562500000000000 	   0.0312500000000000
  0.3437500000000000 	   0.5312500000000001
  0.1562500000000000 	   0.0937500000000000
  0.9062500000000000 	   0.8437500000000000
  0.3125000000000000 	   0.5000000000000000
  0.7500000000000000 	   0.8125000000000000
  0.5000000000000000 	   0.6875000000000000
  0.1875000000000000 	   0.2500000000000001
  0.2187499999999999 	   0.3437500000000000
  0.6562499999999999 	   0.7812500000000000
  0.5312500000000001 	   0.7187500000000000
  0.1562500000000000 	   0.1562500000000000
  0.8437500000000000 	   0.8437500000000000
  0.2812499999999999 	   0.4687500000000001
  0.2500000000000001 	   0.4375000000000000
  0.5625000000000000 	   0.7500000000000001
  0.6875000000000000 	   0.8125000000000000
  0.1875000000000000 	   0.3124999999999999
  0.7812500000000000 	   0.8437500000000000
  0.1562500000000000 	   0.2187499999999999
  0.1250000000000000 	   0.0000000000000000
  1.0000000000000000 	   0.8750000000000000
  0.9375000000000000 	   0.8750000000000000
  0.1250000000000000 	   0.0625000000000000
  0.5937500000000000 	   0.7812500000000000
  0.2187499999999999 	   0.4062500000000000
  0.8750000000000000 	   0.8750000000000000
  0.1250000000000000 	   0.1250000000000000
  0.3750000000000000 	   0.6250000000000001
  0.4062500000000000 	   0.6562499999999999
  0.3437500000000000 	   0.5937500000000000
  0.3124999999999999 	   0.5624999999999999
  0.4375000000000000 	   0.6875000000000000
  0.7187500000000000 	   0.8437500000000000
  0.1562500000000000 	   0.2812499999999999
  0.4687500000000001 	   0.7187500000000000
  0.2812499999999999 	   0.5312500000000001
  0.1875000000000000 	   0.3750000000000000
  0.1250000000000000 	   0.1875000000000000
  0.6250000000000000 	   0.8125000000000000
  0.8125000000000000 	   0.8750000000000000
  0.2499999999999999 	   0.5000000000000000
  0.5000000000000000 	   0.7500000000000001
  0.9687500000000000 	   0.9062500000000000
  0.0937500000000000 	   0.0312500000000000
  0.7500000000000000 	   0.8750000000000000
  0.1250000000000000 	   0.2500000000000001
  0.5312500000000001 	   0.7812500000000000
  0.0937500000000000 	   0.0937500000000000
  0.1562500000000000 	   0.3437500000000000
  0.9062500000000000 	   0.9062500000000000
  0.2187499999999999 	   0.4687500000000001
  0.6562499999999999 	   0.8437500000000000
  0.0937500000000000 	   0.1562500000000000
  0.8437500000000000 	   0.9062500000000000
  0.5625000000000000 	   0.8125000000000000
  0.1875000000000000 	   0.4375000000000000
  0.3437500000000000 	   0.6562499999999999
  0.6875000000000000 	   0.8750000000000000
  0.1250000000000000 	   0.3124999999999999
  0.3750000000000000 	   0.6875000000000000
  0.3125000000000001 	   0.6250000000000001
  0.2812499999999999 	   0.5937500000000000
  0.7812500000000000 	   0.9062500000000000
  0.0937500000000000 	   0.2187499999999999
  0.4062500000000000 	   0.7187500000000000
  0.5937500000000000 	   0.8437500000000000
  0.1562500000000000 	   0.4062500000000000
  0.2500000000000001 	   0.5624999999999999
  1.0000000000000000 	   0.9375000000000000
  0.0625000000000000 	   0.0000000000000000
  0.4375000000000000 	   0.7500000000000001
  0.9375000000000000 	   0.9375000000000000
  0.0625000000000000 	   0.0625000000000000
  0.4687500000000001 	   0.7812500000000000
  0.2187499999999999 	   0.5312500000000001
  0.0625000000000000 	   0.1250000000000000
  0.8750000000000000 	   0.9375000000000000
  0.7187500000000000 	   0.9062500000000000
  0.0937500000000000 	   0.2812499999999999
  0.1250000000000000 	   0.3750000000000000
  0.6250000000000000 	   0.8750000000000000
  0.5000000000000000 	   0.8125000000000000
  0.1875000000000000 	   0.5000000000000000
  0.0625000000000000 	   0.1875000000000000
  0.8124999999999999 	   0.9375000000000000
  0.5312500000000001 	   0.8437500000000000
  0.1562500000000000 	   0.4687500000000001
  0.9687500000000000 	   0.9687500000000000
  0.0937500000000000 	   0.3437500000000000
  0.0312500000000000 	   0.0312500000000000
  0.6562499999999999 	   0.9062500000000000
  0.7500000000000000 	   0.9375000000000000
  0.0625000000000000 	   0.2500000000000001
  0.3124999999999999 	   0.6875000000000000
  0.2812499999999999 	   0.6562499999999999
  0.0312500000000000 	   0.0937500000000000
  0.3437500000000000 	   0.7187500000000000
  0.9062500000000000 	   0.9687500000000000
  0.2499999999999999 	   0.6250000000000001
  0.3750000000000000 	   0.7500000000000001
  0.1250000000000000 	   0.4375000000000000
  0.5625000000000000 	   0.8750000000000000
  0.8437500000000000 	   0.9687500000000000
  0.2187499999999999 	   0.5937500000000000
  0.0312500000000000 	   0.1562500000000000
  0.4062500000000000 	   0.7812500000000000
  0.1875000000000000 	   0.5624999999999999
  0.0625000000000000 	   0.3124999999999999
  0.4375000000000000 	   0.8125000000000000
  0.6874999999999999 	   0.9375000000000000
  0.5937500000000000 	   0.9062500000000000
  0.0312500000000000 	   0.2187499999999999
  0.7812500000000000 	   0.9687500000000000
  0.0937500000000000 	   0.4062500000000000
  0.4687500000000001 	   0.8437500000000000
  0.1562500000000000 	   0.5312500000000001
  0.0000000000000000 	   0.0000000000000000
  1.0000000000000000 	   1.0000000000000000
  0.0000000000000000 	   0.0625000000000000
  0.9375000000000000 	   1.0000000000000000
  0.5000000000000000 	   0.8750000000000000
  0.0000000000000000 	   0.1250000000000000
  0.1250000000000000 	   0.5000000000000000
  0.8750000000000000 	   1.0000000000000000
  0.7187500000000000 	   0.9687500000000000
  0.0312500000000000 	   0.2812499999999999
  0.6250000000000001 	   0.9375000000000000
  0.0625000000000000 	   0.3750000000000000
  0.2812499999999999 	   0.7187500000000000
  0.0000000000000000 	   0.1875000000000000
  0.2500000000000001 	   0.6875000000000000
  0.8125000000000000 	   1.0000000000000000
  0.3125000000000001 	   0.7500000000000001
  0.2187499999999999 	   0.6562499999999999
  0.5312500000000001 	   0.9062500000000000
  0.0937500000000000 	   0.4687500000000001
  0.3437500000000000 	   0.7812500000000000
  0.3750000000000000 	   0.8125000000000000
  0.1875000000000000 	   0.6250000000000001
  0.0312500000000000 	   0.3437500000000000
  0.6562499999999999 	   0.9687500000000000
  0.0000000000000000 	   0.2500000000000000
  0.7500000000000000 	   1.0000000000000000
  0.4062500000000000 	   0.8437500000000000
  0.1562500000000000 	   0.5937500000000000
  0.0625000000000000 	   0.4375000000000000
  0.5625000000000000 	   0.9375000000000000
  0.1250000000000000 	   0.5624999999999999
  0.4375000000000000 	   0.8750000000000000
  0.6875000000000000 	   1.0000000000000000
  0.0000000000000000 	   0.3125000000000000
  0.0312500000000000 	   0.4062500000000000
  0.0937500000000000 	   0.5312500000000001
  0.5937500000000000 	   0.9687500000000000
  0.4687500000000001 	   0.9062500000000000
  0.2499999999999999 	   0.7500000000000001
  0.2187499999999999 	   0.7187500000000000
  0.2812499999999999 	   0.7812500000000000
  0.0625000000000000 	   0.5000000000000000
  0.5000000000000000 	   0.9375000000000000
  0.1875000000000000 	   0.6875000000000000
  0.3124999999999999 	   0.8125000000000000
  0.0000000000000000 	   0.3750000000000000
  0.6250000000000000 	   1.0000000000000000
  0.1562500000000000 	   0.6562499999999999
  0.3437500000000000 	   0.8437500000000000
  0.3750000000000000 	   0.8750000000000000
  0.1250000000000000 	   0.6250000000000001
  0.0312500000000000 	   0.4687500000000001
  0.5312500000000001 	   0.9687500000000000
  0.0937500000000000 	   0.5937500000000000
  0.4062500000000000 	   0.9062500000000000
  0.0000000000000000 	   0.4375000000000000
  0.5625000000000000 	   1.0000000000000000
  0.4375000000000000 	   0.9375000000000000
  0.0625000000000000 	   0.5624999999999999
  0.0312500000000000 	   0.5312500000000001
  0.4687500000000001 	   0.9687500000000000
  0.2187499999999999 	   0.7812500000000000
  0.2500000000000000 	   0.8125000000000000
  0.1875000000000000 	   0.7500000000000001
  0.1562500000000000 	   0.7187500000000000
  0.2812499999999999 	   0.8437500000000000
  0.1250000000000000 	   0.6875000000000000
  0.3125000000000001 	   0.8750000000000000
  0.5000000000000000 	   1.0000000000000000
  0.0000000000000000 	   0.5000000000000000
  0.0937500000000000 	   0.6562499999999999
  0.3437500000000000 	   0.9062500000000000
  0.3750000000000000 	   0.9375000000000000
  0.0625000000000000 	   0.6250000000000001
  0.4062500000000000 	   0.9687500000000000
  0.0312500000000000 	   0.5937500000000000
  0.4375000000000000 	   1.0000000000000000
  0.0000000000000000 	   0.5625000000000000
  0.1875000000000000 	   0.8125000000000000
  0.2187499999999999 	   0.8437500000000000
  0.1562500000000000 	   0.7812500000000000
  0.2500000000000000 	   0.8750000000000000
  0.1250000000000000 	   0.7500000000000001
  0.0937500000000000 	   0.7187500000000000
  0.2812499999999999 	   0.9062500000000000
  0.0625000000000000 	   0.6875000000000000
  0.3124999999999999 	   0.9375000000000000
  0.0312500000000000 	   0.6562499999999999
  0.3437500000000000 	   0.9687500000000000
  0.3750000000000000 	   1.0000000000000000
  0.0000000000000000 	   0.6250000000000000
  0.1562500000000000 	   0.8437500000000000
  0.1250000000000000 	   0.8125000000000000
  0.1875000000000000 	   0.8750000000000000
  0.2187499999999999 	   0.9062500000000000
  0.0937500000000000 	   0.7812500000000000
  0.2500000000000001 	   0.9375000000000000
  0.0625000000000000 	   0.7500000000000001
  0.0312500000000000 	   0.7187500000000000
  0.2812499999999999 	   0.9687500000000000
  0.3125000000000000 	   1.0000000000000000
  0.0000000000000000 	   0.6875000000000000
  0.1250000000000000 	   0.8750000000000000
  0.1562500000000000 	   0.9062500000000000
  0.0937500000000000 	   0.8437500000000000
  0.0625000000000000 	   0.8125000000000000
  0.1875000000000000 	   0.9375000000000000
  0.2187499999999999 	   0.9687500000000000
  0.0312500000000000 	   0.7812500000000000
  0.2500000000000000 	   1.0000000000000000
  0.0000000000000000 	   0.7500000000000000
  0.0937500000000000 	   0.9062500000000000
  0.1250000000000000 	   0.9375000000000000
  0.0625000000000000 	   0.8750000000000000
  0.0312500000000000 	   0.8437500000000000
  0.1562500000000000 	   0.9687500000000000
  0.1875000000000000 	   1.0000000000000000
  0.0000000000000000 	   0.8125000000000000
  0.0625000000000000 	   0.9375000000000000
  0.0312500000000000 	   0.9062500000000000
  0.0937500000000000 	   0.9687500000000000
  0.1250000000000000 	   1.0000000000000000
  0.0000000000000000 	   0.8750000000000000
  0.0312500000000000 	   0.9687500000000000
  0.0625000000000000 	   1.0000000000000000
  0.0000000000000000 	   0.9375000000000000
  0.0000000000000000 	   1.0000000000000000
544 	 542 	 545
537 	 542 	 544
543 	 542 	 537
545 	 542 	 543
541 	 538 	 544
532 	 538 	 541
537 	 538 	 532
544 	 538 	 537
536 	 533 	 541
524 	 533 	 536
532 	 533 	 524
541 	 533 	 532
529 	 527 	 536
516 	 527 	 529
524 	 527 	 516
536 	 527 	 524
520 	 517 	 529
504 	 517 	 520
516 	 517 	 504
529 	 517 	 516
509 	 506 	 520
492 	 506 	 509
504 	 506 	 492
520 	 506 	 504
496 	 494 	 509
477 	 494 	 496
492 	 494 	 477
509 	 494 	 492
488 	 478 	 496
460 	 478 	 488
477 	 478 	 460
496 	 478 	 477
474 	 470 	 488
447 	 470 	 474
460 	 470 	 447
488 	 470 	 460
464 	 453 	 474
429 	 453 	 464
447 	 453 	 429
474 	 453 	 447
452 	 441 	 464
409 	 441 	 452
429 	 441 	 409
464 	 441 	 429
443 	 427 	 452
394 	 427 	 443
409 	 427 	 394
452 	 427 	 409
431 	 413 	 443
385 	 413 	 431
394 	 413 	 385
443 	 413 	 394
423 	 406 	 431
377 	 406 	 423
385 	 406 	 377
431 	 406 	 385
420 	 397 	 423
374 	 397 	 420
377 	 397 	 374
423 	 397 	 377
418 	 391 	 420
371 	 391 	 418
374 	 391 	 371
420 	 391 	 374
537 	 539 	 543
531 	 539 	 537
540 	 539 	 531
543 	 539 	 540
532 	 530 	 537
521 	 530 	 532
531 	 530 	 521
537 	 530 	 531
524 	 523 	 532
511 	 523 	 524
521 	 523 	 511
532 	 523 	 521
516 	 514 	 524
501 	 514 	 516
511 	 514 	 501
524 	 514 	 511
504 	 502 	 516
485 	 502 	 504
501 	 502 	 485
516 	 502 	 501
492 	 489 	 504
469 	 489 	 492
485 	 489 	 469
504 	 489 	 485
477 	 472 	 492
449 	 472 	 477
469 	 472 	 449
492 	 472 	 469
460 	 454 	 477
424 	 454 	 460
449 	 454 	 424
477 	 454 	 449
447 	 437 	 460
402 	 437 	 447
424 	 437 	 402
460 	 437 	 424
429 	 415 	 447
381 	 415 	 429
402 	 415 	 381
447 	 415 	 402
409 	 390 	 429
360 	 390 	 409
381 	 390 	 360
429 	 390 	 381
394 	 380 	 409
347 	 380 	 394
360 	 380 	 347
409 	 380 	 360
385 	 365 	 394
339 	 365 	 385
347 	 365 	 339
394 	 365 	 347
377 	 354 	 385
328 	 354 	 377
339 	 354 	 328
385 	 354 	 339
374 	 349 	 377
324 	 349 	 374
328 	 349 	 324
377 	 349 	 328
371 	 345 	 374
321 	 345 	 371
324 	 345 	 321
374 	 345 	 324
531 	 534 	 540
525 	 534 	 531
535 	 534 	 525
540 	 534 	 535
521 	 522 	 531
512 	 522 	 521
525 	 522 	 512
531 	 522 	 525
511 	 510 	 521
497 	 510 	 511
512 	 510 	 497
521 	 510 	 512
501 	 499 	 511
482 	 499 	 501
497 	 499 	 482
511 	 499 	 497
485 	 483 	 501
462 	 483 	 485
482 	 483 	 462
501 	 483 	 482
469 	 466 	 485
440 	 466 	 469
462 	 466 	 440
485 	 466 	 462
449 	 446 	 469
408 	 446 	 449
440 	 446 	 408
469 	 446 	 440
424 	 417 	 449
384 	 417 	 424
408 	 417 	 384
449 	 417 	 408
402 	 388 	 424
357 	 388 	 402
384 	 388 	 357
424 	 388 	 384
381 	 368 	 402
338 	 368 	 381
357 	 368 	 338
402 	 368 	 357
360 	 350 	 381
318 	 350 	 360
338 	 350 	 318
381 	 350 	 338
347 	 335 	 360
308 	 335 	 347
318 	 335 	 308
360 	 335 	 318
339 	 320 	 347
292 	 320 	 339
308 	 320 	 292
347 	 320 	 308
328 	 312 	 339
286 	 312 	 328
292 	 312 	 286
339 	 312 	 292
324 	 303 	 328
284 	 303 	 324
286 	 303 	 284
328 	 303 	 286
321 	 301 	 324
280 	 301 	 321
284 	 301 	 280
324 	 301 	 284
525 	 526 	 535
515 	 526 	 525
528 	 526 	 515
535 	 526 	 528
512 	 513 	 525
500 	 513 	 512
515 	 513 	 500
525 	 513 	 515
497 	 498 	 512
481 	 498 	 497
500 	 498 	 481
512 	 498 	 500
482 	 480 	 497
457 	 480 	 482
481 	 480 	 457
497 	 480 	 481
462 	 458 	 482
432 	 458 	 462
457 	 458 	 432
482 	 458 	 457
440 	 435 	 462
400 	 435 	 440
432 	 435 	 400
462 	 435 	 432
408 	 405 	 440
369 	 405 	 408
400 	 405 	 369
440 	 405 	 400
384 	 376 	 408
342 	 376 	 384
369 	 376 	 342
408 	 376 	 369
357 	 352 	 384
315 	 352 	 357
342 	 352 	 315
384 	 352 	 342
338 	 326 	 357
294 	 326 	 338
315 	 326 	 294
357 	 326 	 315
318 	 309 	 338
278 	 309 	 318
294 	 309 	 278
338 	 309 	 294
308 	 291 	 318
263 	 291 	 308
278 	 291 	 263
318 	 291 	 278
292 	 276 	 308
255 	 276 	 292
263 	 276 	 255
308 	 276 	 263
286 	 269 	 292
247 	 269 	 286
255 	 269 	 247
292 	 269 	 255
284 	 262 	 286
240 	 262 	 284
247 	 262 	 240
286 	 262 	 247
280 	 258 	 284
235 	 258 	 280
240 	 258 	 235
284 	 258 	 240
515 	 518 	 528
505 	 518 	 515
519 	 518 	 505
528 	 518 	 519
500 	 503 	 515
486 	 503 	 500
505 	 503 	 486
515 	 503 	 505
481 	 484 	 500
463 	 484 	 481
486 	 484 	 463
500 	 484 	 486
457 	 459 	 481
434 	 459 	 457
463 	 459 	 434
481 	 459 	 463
432 	 430 	 457
395 	 430 	 432
434 	 430 	 395
457 	 430 	 434
400 	 396 	 432
362 	 396 	 400
395 	 396 	 362
432 	 396 	 395
369 	 363 	 400
332 	 363 	 369
362 	 363 	 332
400 	 363 	 362
342 	 337 	 369
305 	 337 	 342
332 	 337 	 305
369 	 337 	 332
315 	 314 	 342
285 	 314 	 315
305 	 314 	 285
342 	 314 	 305
294 	 288 	 315
259 	 288 	 294
285 	 288 	 259
315 	 288 	 285
278 	 266 	 294
244 	 266 	 278
259 	 266 	 244
294 	 266 	 259
263 	 254 	 278
229 	 254 	 263
244 	 254 	 229
278 	 254 	 244
255 	 237 	 263
217 	 237 	 255
229 	 237 	 217
263 	 237 	 229
247 	 230 	 255
208 	 230 	 247
217 	 230 	 208
255 	 230 	 217
240 	 225 	 247
204 	 225 	 240
208 	 225 	 204
247 	 225 	 208
235 	 223 	 240
202 	 223 	 235
204 	 223 	 202
240 	 223 	 204
505 	 507 	 519
491 	 507 	 505
508 	 507 	 491
519 	 507 	 508
486 	 490 	 505
468 	 490 	 486
491 	 490 	 468
505 	 490 	 491
463 	 467 	 486
439 	 467 	 463
468 	 467 	 439
486 	 467 	 468
434 	 438 	 463
401 	 438 	 434
439 	 438 	 401
463 	 438 	 439
395 	 398 	 434
361 	 398 	 395
401 	 398 	 361
434 	 398 	 401
362 	 358 	 395
329 	 358 	 362
361 	 358 	 329
395 	 358 	 361
332 	 331 	 362
297 	 331 	 332
329 	 331 	 297
362 	 331 	 329
305 	 302 	 332
272 	 302 	 305
297 	 302 	 272
332 	 302 	 297
285 	 275 	 305
249 	 275 	 285
272 	 275 	 249
305 	 275 	 272
259 	 252 	 285
226 	 252 	 259
249 	 252 	 226
285 	 252 	 249
244 	 233 	 259
209 	 233 	 244
226 	 233 	 209
259 	 233 	 226
229 	 219 	 244
193 	 219 	 229
209 	 219 	 193
244 	 219 	 209
217 	 206 	 229
180 	 206 	 217
193 	 206 	 180
229 	 206 	 193
208 	 196 	 217
176 	 196 	 208
180 	 196 	 176
217 	 196 	 180
204 	 188 	 208
170 	 188 	 204
176 	 188 	 170
208 	 188 	 176
202 	 184 	 204
169 	 184 	 202
170 	 184 	 169
204 	 184 	 170
491 	 493 	 508
476 	 493 	 491
495 	 493 	 476
508 	 493 	 495
468 	 473 	 491
450 	 473 	 468
476 	 473 	 450
491 	 473 	 476
439 	 445 	 468
410 	 445 	 439
450 	 445 	 410
468 	 445 	 450
401 	 407 	 439
372 	 407 	 401
410 	 407 	 372
439 	 407 	 410
361 	 366 	 401
333 	 366 	 361
372 	 366 	 333
401 	 366 	 372
329 	 330 	 361
298 	 330 	 329
333 	 330 	 298
361 	 330 	 333
297 	 296 	 329
265 	 296 	 297
298 	 296 	 265
329 	 296 	 298
272 	 271 	 297
241 	 271 	 272
265 	 271 	 241
297 	 271 	 265
249 	 246 	 272
216 	 246 	 249
241 	 246 	 216
272 	 246 	 241
226 	 222 	 249
198 	 222 	 226
216 	 222 	 198
249 	 222 	 216
209 	 199 	 226
179 	 199 	 209
198 	 199 	 179
226 	 199 	 198
193 	 185 	 209
162 	 185 	 193
179 	 185 	 162
209 	 185 	 179
180 	 173 	 193
152 	 173 	 180
162 	 173 	 152
193 	 173 	 162
176 	 159 	 180
144 	 159 	 176
152 	 159 	 144
180 	 159 	 152
170 	 156 	 176
139 	 156 	 170
144 	 156 	 139
176 	 156 	 144
169 	 154 	 170
136 	 154 	 169
139 	 154 	 136
170 	 154 	 139
476 	 479 	 495
461 	 479 	 476
487 	 479 	 461
495 	 479 	 487
450 	 456 	 476
422 	 456 	 450
461 	 456 	 422
476 	 456 	 461
410 	 416 	 450
383 	 416 	 410
422 	 416 	 383
450 	 416 	 422
372 	 375 	 410
343 	 375 	 372
383 	 375 	 343
410 	 375 	 383
333 	 336 	 372
307 	 336 	 333
343 	 336 	 307
372 	 336 	 343
298 	 299 	 333
273 	 299 	 298
307 	 299 	 273
333 	 299 	 307
265 	 268 	 298
239 	 268 	 265
273 	 268 	 239
298 	 268 	 273
241 	 238 	 265
211 	 238 	 241
239 	 238 	 211
265 	 238 	 239
216 	 212 	 241
189 	 212 	 216
211 	 212 	 189
241 	 212 	 211
198 	 191 	 216
168 	 191 	 198
189 	 191 	 168
216 	 191 	 189
179 	 172 	 198
149 	 172 	 179
168 	 172 	 149
198 	 172 	 168
162 	 155 	 179
134 	 155 	 162
149 	 155 	 134
179 	 155 	 149
152 	 141 	 162
124 	 141 	 152
134 	 141 	 124
162 	 141 	 134
144 	 132 	 152
115 	 132 	 144
124 	 132 	 115
152 	 132 	 124
139 	 128 	 144
113 	 128 	 139
115 	 128 	 113
144 	 128 	 115
136 	 120 	 139
109 	 120 	 136
113 	 120 	 109
139 	 120 	 113
461 	 471 	 487
448 	 471 	 461
475 	 471 	 448
487 	 471 	 475
422 	 436 	 461
403 	 436 	 422
448 	 436 	 403
461 	 436 	 448
383 	 387 	 422
356 	 387 	 383
403 	 387 	 356
422 	 387 	 403
343 	 348 	 383
316 	 348 	 343
356 	 348 	 316
383 	 348 	 356
307 	 311 	 343
282 	 311 	 307
316 	 311 	 282
343 	 311 	 316
273 	 274 	 307
250 	 274 	 273
282 	 274 	 250
307 	 274 	 282
239 	 245 	 273
214 	 245 	 239
250 	 245 	 214
273 	 245 	 250
211 	 213 	 239
190 	 213 	 211
214 	 213 	 190
239 	 213 	 214
189 	 187 	 211
163 	 187 	 189
190 	 187 	 163
211 	 187 	 190
168 	 164 	 189
145 	 164 	 168
163 	 164 	 145
189 	 164 	 163
149 	 147 	 168
126 	 147 	 149
145 	 147 	 126
168 	 147 	 145
134 	 130 	 149
112 	 130 	 134
126 	 130 	 112
149 	 130 	 126
124 	 117 	 134
98 	 117 	 124
112 	 117 	 98
134 	 117 	 112
115 	 105 	 124
93 	 105 	 115
98 	 105 	 93
124 	 105 	 98
113 	 100 	 115
86 	 100 	 113
93 	 100 	 86
115 	 100 	 93
109 	 96 	 113
84 	 96 	 109
86 	 96 	 84
113 	 96 	 86
448 	 455 	 475
428 	 455 	 448
465 	 455 	 428
475 	 455 	 465
403 	 412 	 448
382 	 412 	 403
428 	 412 	 382
448 	 412 	 428
356 	 367 	 403
340 	 367 	 356
382 	 367 	 340
403 	 367 	 382
316 	 325 	 356
295 	 325 	 316
340 	 325 	 295
356 	 325 	 340
282 	 289 	 316
260 	 289 	 282
295 	 289 	 260
316 	 289 	 295
250 	 251 	 282
227 	 251 	 250
260 	 251 	 227
282 	 251 	 260
214 	 221 	 250
197 	 221 	 214
227 	 221 	 197
250 	 221 	 227
190 	 192 	 214
166 	 192 	 190
197 	 192 	 166
214 	 192 	 197
163 	 165 	 190
146 	 165 	 163
166 	 165 	 146
190 	 165 	 166
145 	 140 	 163
119 	 140 	 145
146 	 140 	 119
163 	 140 	 146
126 	 121 	 145
103 	 121 	 126
119 	 121 	 103
145 	 121 	 119
112 	 106 	 126
91 	 106 	 112
103 	 106 	 91
126 	 106 	 103
98 	 94 	 112
80 	 94 	 98
91 	 94 	 80
112 	 94 	 91
93 	 81 	 98
69 	 81 	 93
80 	 81 	 69
98 	 81 	 80
86 	 77 	 93
66 	 77 	 86
69 	 77 	 66
93 	 77 	 69
84 	 73 	 86
63 	 73 	 84
66 	 73 	 63
86 	 73 	 66
428 	 442 	 465
411 	 442 	 428
451 	 442 	 411
465 	 442 	 451
382 	 392 	 428
359 	 392 	 382
411 	 392 	 359
428 	 392 	 411
340 	 353 	 382
317 	 353 	 340
359 	 353 	 317
382 	 353 	 359
295 	 310 	 340
281 	 310 	 295
317 	 310 	 281
340 	 310 	 317
260 	 270 	 295
243 	 270 	 260
281 	 270 	 243
295 	 270 	 281
227 	 232 	 260
210 	 232 	 227
243 	 232 	 210
260 	 232 	 243
197 	 200 	 227
178 	 200 	 197
210 	 200 	 178
227 	 200 	 210
166 	 175 	 197
150 	 175 	 166
178 	 175 	 150
197 	 175 	 178
146 	 148 	 166
127 	 148 	 146
150 	 148 	 127
166 	 148 	 150
119 	 123 	 146
104 	 123 	 119
127 	 123 	 104
146 	 123 	 127
103 	 102 	 119
85 	 102 	 103
104 	 102 	 85
119 	 102 	 104
91 	 89 	 103
72 	 89 	 91
85 	 89 	 72
103 	 89 	 85
80 	 76 	 91
61 	 76 	 80
72 	 76 	 61
91 	 76 	 72
69 	 65 	 80
52 	 65 	 69
61 	 65 	 52
80 	 65 	 61
66 	 59 	 69
48 	 59 	 66
52 	 59 	 48
69 	 59 	 52
63 	 54 	 66
45 	 54 	 63
48 	 54 	 45
66 	 54 	 48
411 	 426 	 451
393 	 426 	 411
444 	 426 	 393
451 	 426 	 444
359 	 379 	 411
346 	 379 	 359
393 	 379 	 346
411 	 379 	 393
317 	 334 	 359
306 	 334 	 317
346 	 334 	 306
359 	 334 	 346
281 	 290 	 317
264 	 290 	 281
306 	 290 	 264
317 	 290 	 306
243 	 253 	 281
228 	 253 	 243
264 	 253 	 228
281 	 253 	 264
210 	 218 	 243
194 	 218 	 210
228 	 218 	 194
243 	 218 	 228
178 	 183 	 210
161 	 183 	 178
194 	 183 	 161
210 	 183 	 194
150 	 158 	 178
135 	 158 	 150
161 	 158 	 135
178 	 158 	 161
127 	 131 	 150
114 	 131 	 127
135 	 131 	 114
150 	 131 	 135
104 	 107 	 127
90 	 107 	 104
114 	 107 	 90
127 	 107 	 114
85 	 88 	 104
71 	 88 	 85
90 	 88 	 71
104 	 88 	 90
72 	 70 	 85
55 	 70 	 72
71 	 70 	 55
85 	 70 	 71
61 	 56 	 72
43 	 56 	 61
55 	 56 	 43
72 	 56 	 55
52 	 50 	 61
36 	 50 	 52
43 	 50 	 36
61 	 50 	 43
48 	 41 	 52
31 	 41 	 48
36 	 41 	 31
52 	 41 	 36
45 	 39 	 48
29 	 39 	 45
31 	 39 	 29
48 	 39 	 31
393 	 414 	 444
386 	 414 	 393
433 	 414 	 386
444 	 414 	 433
346 	 364 	 393
341 	 364 	 346
386 	 364 	 341
393 	 364 	 386
306 	 319 	 346
293 	 319 	 306
341 	 319 	 293
346 	 319 	 341
264 	 277 	 306
256 	 277 	 264
293 	 277 	 256
306 	 277 	 293
228 	 236 	 264
215 	 236 	 228
256 	 236 	 215
264 	 236 	 256
194 	 205 	 228
181 	 205 	 194
215 	 205 	 181
228 	 205 	 215
161 	 174 	 194
151 	 174 	 161
181 	 174 	 151
194 	 174 	 181
135 	 142 	 161
125 	 142 	 135
151 	 142 	 125
161 	 142 	 151
114 	 118 	 135
99 	 118 	 114
125 	 118 	 99
135 	 118 	 125
90 	 95 	 114
79 	 95 	 90
99 	 95 	 79
114 	 95 	 99
71 	 74 	 90
60 	 74 	 71
79 	 74 	 60
90 	 74 	 79
55 	 57 	 71
46 	 57 	 55
60 	 57 	 46
71 	 57 	 60
43 	 42 	 55
33 	 42 	 43
46 	 42 	 33
55 	 42 	 46
36 	 35 	 43
26 	 35 	 36
33 	 35 	 26
43 	 35 	 33
31 	 28 	 36
20 	 28 	 31
26 	 28 	 20
36 	 28 	 26
29 	 24 	 31
18 	 24 	 29
20 	 24 	 18
31 	 24 	 20
386 	 404 	 433
378 	 404 	 386
425 	 404 	 378
433 	 404 	 425
341 	 355 	 386
327 	 355 	 341
378 	 355 	 327
386 	 355 	 378
293 	 313 	 341
287 	 313 	 293
327 	 313 	 287
341 	 313 	 327
256 	 267 	 293
248 	 267 	 256
287 	 267 	 248
293 	 267 	 287
215 	 231 	 256
207 	 231 	 215
248 	 231 	 207
256 	 231 	 248
181 	 195 	 215
177 	 195 	 181
207 	 195 	 177
215 	 195 	 207
151 	 160 	 181
143 	 160 	 151
177 	 160 	 143
181 	 160 	 177
125 	 133 	 151
116 	 133 	 125
143 	 133 	 116
151 	 133 	 143
99 	 108 	 125
92 	 108 	 99
116 	 108 	 92
125 	 108 	 116
79 	 82 	 99
68 	 82 	 79
92 	 82 	 68
99 	 82 	 92
60 	 64 	 79
51 	 64 	 60
68 	 64 	 51
79 	 64 	 68
46 	 49 	 60
37 	 49 	 46
51 	 49 	 37
60 	 49 	 51
33 	 34 	 46
25 	 34 	 33
37 	 34 	 25
46 	 34 	 37
26 	 23 	 33
15 	 23 	 26
25 	 23 	 15
33 	 23 	 25
20 	 16 	 26
12 	 16 	 20
15 	 16 	 12
26 	 16 	 15
18 	 14 	 20
9 	 14 	 18
12 	 14 	 9
20 	 14 	 12
378 	 399 	 425
373 	 399 	 378
421 	 399 	 373
425 	 399 	 421
327 	 351 	 378
323 	 351 	 327
373 	 351 	 323
378 	 351 	 373
287 	 304 	 327
283 	 304 	 287
323 	 304 	 283
327 	 304 	 323
248 	 261 	 287
242 	 261 	 248
283 	 261 	 242
287 	 261 	 283
207 	 224 	 248
203 	 224 	 207
242 	 224 	 203
248 	 224 	 242
177 	 186 	 207
171 	 186 	 177
203 	 186 	 171
207 	 186 	 203
143 	 157 	 177
138 	 157 	 143
171 	 157 	 138
177 	 157 	 171
116 	 129 	 143
111 	 129 	 116
138 	 129 	 111
143 	 129 	 138
92 	 101 	 116
87 	 101 	 92
111 	 101 	 87
116 	 101 	 111
68 	 78 	 92
67 	 78 	 68
87 	 78 	 67
92 	 78 	 87
51 	 58 	 68
47 	 58 	 51
67 	 58 	 47
68 	 58 	 67
37 	 40 	 51
32 	 40 	 37
47 	 40 	 32
51 	 40 	 47
25 	 27 	 37
21 	 27 	 25
32 	 27 	 21
37 	 27 	 32
15 	 17 	 25
11 	 17 	 15
21 	 17 	 11
25 	 17 	 21
12 	 10 	 15
5 	 10 	 12
11 	 10 	 5
15 	 10 	 11
9 	 7 	 12
4 	 7 	 9
5 	 7 	 4
12 	 7 	 5
373 	 389 	 421
370 	 389 	 373
419 	 389 	 370
421 	 389 	 419
323 	 344 	 373
322 	 344 	 323
370 	 344 	 322
373 	 344 	 370
283 	 300 	 323
279 	 300 	 283
322 	 300 	 279
323 	 300 	 322
242 	 257 	 283
234 	 257 	 242
279 	 257 	 234
283 	 257 	 279
203 	 220 	 242
201 	 220 	 203
234 	 220 	 201
242 	 220 	 234
171 	 182 	 203
167 	 182 	 171
201 	 182 	 167
203 	 182 	 201
138 	 153 	 171
137 	 153 	 138
167 	 153 	 137
171 	 153 	 167
111 	 122 	 138
110 	 122 	 111
137 	 122 	 110
138 	 122 	 137
87 	 97 	 111
83 	 97 	 87
110 	 97 	 83
111 	 97 	 110
67 	 75 	 87
62 	 75 	 67
83 	 75 	 62
87 	 75 	 83
47 	 53 	 67
44 	 53 	 47
62 	 53 	 44
67 	 53 	 62
32 	 38 	 47
30 	 38 	 32
44 	 38 	 30
47 	 38 	 44
21 	 22 	 32
19 	 22 	 21
30 	 22 	 19
32 	 22 	 30
11 	 13 	 21
8 	 13 	 11
19 	 13 	 8
21 	 13 	 19
5 	 6 	 11
3 	 6 	 5
8 	 6 	 3
11 	 6 	 8
4 	 2 	 5
1 	 2 	 4
3 	 2 	 1
5 	 2 	 3
1 	 3 	 1
4 	 3 	 1
5 	 3 	 1
9 	 3 	 1
13 	 3 	 1
17 	 3 	 1
21 	 3 	 1
25 	 3 	 1
29 	 3 	 1
33 	 3 	 1
37 	 3 	 1
41 	 3 	 1
45 	 3 	 1
49 	 3 	 1
53 	 3 	 1
57 	 3 	 1
61 	 3 	 1
62 	 3 	 1
68 	 3 	 1
126 	 3 	 1
132 	 3 	 1
190 	 3 	 1
196 	 3 	 1
254 	 3 	 1
260 	 3 	 1
318 	 3 	 1
324 	 3 	 1
382 	 3 	 1
388 	 3 	 1
446 	 3 	 1
452 	 3 	 1
510 	 3 	 1
516 	 3 	 1
574 	 3 	 1
580 	 3 	 1
638 	 3 	 1
644 	 3 	 1
702 	 3 	 1
708 	 3 	 1
766 	 3 	 1
772 	 3 	 1
830 	 3 	 1
836 	 3 	 1
894 	 3 	 1
900 	 3 	 1
958 	 3 	 1
963 	 3 	 1
964 	 3 	 1
967 	 3 	 1
971 	 3 	 1
975 	 3 	 1
979 	 3 	 1
983 	 3 	 1
987 	 3 	 1
991 	 3 	 1
995 	 3 	 1
999 	 3 	 1
1003 	 3 	 1
1007 	 3 	 1
1011 	 3 	 1
1015 	 3 	 1
1019 	 3 	 1
1022 	 3 	 1
1023 	 3 	 1
